%YAML:1.2
body2world_pose: !!opencv-matrix
  rows: 4
  cols: 4
  dt: d
  data: [0.997056, -0.04307, 0.0634383, 19.051,
          0.043157, 0.999068, -0.805868, 4.08901,
          -0.0633792, 0.0027378, 0.997986, 549,
          0, 0, 0, 1 ]